HRDLST	ecDNA	CHR	WGDearly	WGDlate
08AP3D	0.169688719699186	0.0146537561369141	0.787916320513784	0.0277412036501156	0
09Q1YY	0.22677945208507	0.0219535390148987	0.731129321672582	0	0.0201376872274484
0K0K6I	0.466147780730636	0.00772182385897119	0.419151988520076	0.0559973330126514	0.0509810738776654
0O0FKV	0.309761574244341	0	0.560853087467745	0.0654883080252831	0.0638970302626306
0PP4HU	0.292164466914073	0.00348819671226016	0.669196878934432	0.0149159093674619	0.0202345480717726
0RRCD7	0.0803010642393036	0.0881197866285608	0.820263426692734	0	0.0113157224394018
0Y83ZZ	0.340034567626459	0.0268168235651547	0.519008220148304	0.0652933999908303	0.0488469886692525
1ABOG0	0.0832087242665993	0.0531476093735297	0.852622301588539	0.0095214310930462	0.0014999336782859
1GQP1N	0	0.167115704448414	0.673850087504068	0.0600249696291732	0.0990092384183449
1I9HPM	0.168802407023118	0.0189629479774026	0.791162150518978	0.0210724944805013	0
1LVWVN	0	0.11319414165679	0.804087234673723	0.0722833055607149	0.0104353181087718
1PEUBB	0.0782290513910618	0.1043966909118	0.811260919003609	0	0.00611333869352885
1XGK99	0	0.043950300936596	0.875846543807388	0.0802031552560159	0
28WX4I	0.16494633604321	0.0393767915422815	0.773797441230864	0	0.0218794311836438
2A66UX	0.317374643432271	0.0599487091732396	0.607368868223267	0	0.015307779171223
2DT106	0.0597082038099168	0.0657721175452606	0.867325570175106	0.00719410846971646	0
2E8Q8T	0.436927207369403	0.0491939899693963	0.496375890704286	0	0.0175029119569154
2JN637	0.0418345099087589	0.0350102539835891	0.917495398692859	0.00565983741479346	0
2JUKYD	0.0382747171683276	0.0337278419046317	0.92290871957813	0.00508872134891114	0
2RGNOA	0.0536669745366099	0.0128270823994888	0.910864097271485	0.0226418457924166	0
2TKTM9	0.0830031919476571	0.11882167033464	0.792445009164421	0	0.00573012855328278
2TX961	0.349683315078139	0.0250763867882899	0.587828346926928	0	0.0374119512066439
3JB6NB	0.283324389258668	0.00933203299885054	0.669405341908189	0	0.0379382358342928
3PUS8R	0.0140037209825453	0.0983569169643867	0.790051291931934	0.0853184546911831	0.0122696154299505
3VEY4N	0.0317446197939175	0.0219960103655554	0.931354494319624	0.0149048755209032	0
46KM78	0	0.0493168592017513	0.807838280558586	0.0911960948413615	0.0516487653983009
46M89C	0	0.0325422211063682	0.679023755892257	0.0477546492577728	0.240679373743602
4EKYAX	0.0563038603750138	0.118447468028988	0.818190059234396	0	0.0070586123616028
4VMWJF	0.108907161246771	0.0181819360903895	0.747264126963035	0.0831162519700675	0.0425305237297369
4W2093	0.000148549362712	0.0994882389707846	0.771471612072473	0.0680675746716596	0.0608240249223711
4YWOHH	0.21193692050128	0.00975469731816027	0.75774323883647	0	0.0205651433440901
53W44O	0	0	0.898944892111477	0.101055107888523	0
5D2XYU	0.25674491231005	0.0522609672778524	0.677284742369864	0	0.0137093780422335
5SDACW	0.0181300106770297	0.0171190722550628	0.951967896884292	0.012783020183616	0
5W69KE	0.386886850322184	0	0.495188677112448	0.0582853000607741	0.0596391725045938
5WIAQV	0	0.05128731167511	0.841185524769277	0.102148885838214	0.00537827771739928
5YGREJ	0.628190842618457	0	0.282713149560661	0.0468895949560481	0.0422064128648336
60WVKM	0.247475008394555	0.0179998025036062	0.608294161994729	0.0702725388622703	0.0559584882448386
65HW3T	0	0.0478757610917984	0.852922483017509	0.099201755890693	0
65VX5F	0.226328868579883	0.0236756920205985	0.746236702512088	0.00037087111847191	0.00338786576895826
6EQIMT	0.133000120264726	0.067356092216256	0.790253674699755	0.00939011281926313	0
6ETQPX	0.335118600908037	0.0192462727279575	0.604717073420675	0	0.0409180529433303
6G9GEN	0.36807225780168	0.00701328992362515	0.575280278460536	0	0.0496341738141592
6R2L4K	0.335700044466895	0	0.523588868972599	0.0684236892126873	0.0722873973478187
6R6OKA	0.0701771087724225	0.00460358382256517	0.446914496198124	0	0.478304811206889
6UI8OJ	0.0383597022088366	0.0271838235591993	0.934456474231964	0	0
74YE04	0.296751645334294	0	0.605718692792916	0.0712564103580922	0.0262732515146977
77E4B9	0.0658739477393268	0.114644781143796	0.679469083378001	0.0618681597940434	0.078144027944832
7FDMAA	0.0290950730201509	0.0455552254257401	0.922941748183742	0.0024079533703666	0
7PJ0U8	0.0349037299099828	0	0.483104379335152	0	0.481991890754865
7V68FX	0.368205599323261	0.00472966100764481	0.562117119880096	0	0.0649476197889977
7Y58DN	0.0822829374739427	0.0655379080538126	0.844026046151758	0	0.00815310832048642
7YCX5X	0.0653695875325483	0.0475861892882959	0.868364924146099	0	0.018679299033057
82IOF9	0.317943545300715	0	0.583863722225261	0.0693438727617579	0.028848859712266
83OKRW	0.407364571191407	0.0124011320476697	0.437324658224539	0.0547904722653288	0.0881191662710557
8GUH8A	0	0.00834614741174121	0.984869192020245	0.00678466056801383	0
8GWKR4	0.0898961109627576	0.0585655284203758	0.837779387892813	0	0.0137589727240536
8LDMB8	0.210898416285679	0	0.683538240931898	0.0826628488160269	0.0229004939663964
8QWJS5	0.0557531124723745	0.106511734512243	0.707911523100134	0.0661099204580662	0.0637137094571824
8RQI7O	0	0.0313315442407947	0.859190007911003	0.109478447848202	0
8ST3A8	0.021493923304682	0.113591538681355	0.76196761763312	0.0732964921488066	0.0296504282320365
8TTEZK	0	0.00999039293680507	0.892682046681211	0.0973275603819843	0
919YH2	0.00402026431809172	0.000199452528021185	0.891377255999356	0.104403027154531	0
92L4ID	0.274420886271992	0.0412894982856222	0.558318553768825	0.0609047106539163	0.0650663510196449
99G89B	0	0	0.882785385074269	0.111483439049695	0.00573117587603594
9MYJZI	0.22362902933626	0.0713157887174753	0.689019582934178	0	0.0160355990120864
A1V6AN	0.175954469786479	0.0208206423988219	0.777441431548543	0.0257834562661567	0
A6VXVK	0.0375759377234418	0.0268715010314839	0.916403347972989	0.0191492132720849	0
AA9MG9	0.28108351466822	0.0601796310981823	0.65262462843609	0	0.00611222579750716
AKRWHE	0.34466275074957	0.0329427229302422	0.567794328570072	0	0.054600197750116
AM2BNI	0.132020719037723	0.0347525434629193	0.818932990833151	0.014293746666207	0
ASQG2I	0	0.0399715468810456	0.868314339112251	0.0917141140067039	0
AZ9WDX	0.390602737225257	0.0482478841569173	0.542660409763011	0	0.0184889688548148
BFJDM7	0.180326360943976	0.00480847379475369	0.785203640677412	0.0296615245838576	0
BIP85D	0.122562345528166	0.00282726054524075	0.862500117585394	0.0121102763411992	0
BQD5LG	0.0323716605530963	0.00158087170385089	0.847915777167788	0.0998524218617408	0.0182792687135244
BTBJVV	0.100523784769997	0.0761293864315517	0.685593667054679	0.0690058672380403	0.0687472945057326
BXJ0Q2	0	0.00441464838850543	0.83694618020726	0.0887708791067726	0.0698682922974617
CCZQL1	0.0204335828309919	0.0271095266209472	0.942036053447627	0.0104208371004339	0
CEKUDV	0.377433749010841	0.0249578302489131	0.569402308009638	0	0.0282061127306075
D5F2Y2	0.101160539184234	0.0881276266381897	0.800078687613113	0.0106331465644635	0
D5ZZTN	0.188694641972731	0.0227206979993603	0.740990174140679	0	0.0475944858872299
D63LZW	0	0.0772445399352421	0.802057261110784	0.0799889547656164	0.0407092441883579
DHTI8K	0.255083057143054	0	0.620506774734976	0.0751031131490373	0.0493070549729324
DIFQYP	0.157994572533881	0.0532427062049547	0.775816618811503	0	0.0129461024496618
DILSUL	0.00221017928065437	0.0680283888225228	0.794522598069891	0.0782923739754923	0.0569464598514391
DJKMYH	0.152890591582753	0.0245861425041575	0.793548959857852	0	0.0289743060552372
DKZLLW	0	0.0203740759812776	0.87813823292057	0.101487691098152	0
DNA5O0	0.280658046347203	0.0364542527206981	0.648188608826195	0	0.0346990921059044
DTKF7N	0.345552159603932	0.0180038493741774	0.589493267402859	0	0.0469507236190313
E0CU4F	0.0973856185718723	0.0194146884317756	0.883199692996352	0	0
E9GUAF	0.0457630047374095	0.014411542492135	0.50188446003701	0.0139330573174797	0.424007935415966
ECEBKN	0	0.0064665303133085	0.830244005290758	0.0795721526508305	0.0837173117451033
EGBLEW	0.0805227492630199	0.00989580892160143	0.903262995016671	0.00631844679870736	0
EOBB4Q	0.290056516590152	0.0168753544030129	0.679820695197156	0.0105065385935728	0.00274089521610574
ER52JI	0.283924451384484	0.0207737040469287	0.664300280684247	0	0.0310015638843403
EUBWM4	0.482011508078361	0	0.405838556954845	0.0474454189492425	0.0647045160175513
EZGA5Z	0.0822011946437078	0.0885420732008507	0.825600412447178	0	0.00365631970826313
FAZ1W2	0	0.046819896867947	0.860584329043332	0.0925957740887211	0
FQFXOJ	0	0.0418839306694272	0.863706728271486	0.0944093410590869	0
FSD5AL	0.183601803194556	0.0118884523470939	0.78160171935306	0	0.02290802510529
FSRD1S	0.0249943927369921	0.00572691013319118	0.956740534770475	0.0125381623593417	0
FT87FV	0.123356786520904	0.0750682128708088	0.675956809015473	0.0705087112611296	0.055109480331684
FTCARU	0.0752927973779731	0.0910734854294089	0.833489033910851	0.000144683281767255	0
FVKRBE	0.146526206914216	0.0469236792473972	0.797929291034746	0	0.00862082280364037
FWLMC1	0.129644737420458	0.00819904834171701	0.83302182837475	0.00962017992085562	0.0195142059422202
FXAR16	0.171148652377253	0.0145571543859453	0.798029323829673	0.0162648694071285	0
FZVLXX	0.241039029369243	0.026229861774092	0.706873851959093	0	0.0258572568975717
G90O42	0.375359224451594	0.0385581190230653	0.534837026630177	0	0.0512456298951638
GBGFGL	0.0108101972523631	0.132799432952188	0.758676259649728	0.0699302675544668	0.027783842591255
GI997S	0.493913281721055	0.0228765714080314	0.34863285688603	0.0397937416060271	0.0947835483788571
GMYO24	0	0.025491707609908	0.87744385784697	0.0970644345431222	0
GN3Y4C	0.0923233354160357	0.0520490551760707	0.833640574945792	0.0219870344621018	0
GN7L9C	0	0.00164550533611444	0.90038884030188	0.097965654362005	0
GP0TDC	0.24383664467359	0.0829399077998997	0.609976697180565	0	0.063246750345946
H1V34Z	0.149549346804837	0.0595286459199086	0.658237691839146	0.0661939052052113	0.0664904102308973
H38J5I	0.0666781879989194	0.0662119727770853	0.854864997751484	0.0122448414725111	0
HIWZ4I	0.080796626192419	0.0182976152089847	0.881874645314756	0.0190311132838404	0
HPOG2A	0.0201557169010346	0.12216878035247	0.757792014202395	0.0772060421822392	0.0226774463618615
HT9693	0.405436750507124	0.0378102679426403	0.541629833482222	0	0.015123148068014
HWO7M5	0.287965699492044	0.0190431887427405	0.673405335252871	0	0.0195857765123451
I83O6B	0.0205300243130043	0.188961886033667	0.663885183785085	0.0440750596689624	0.0825478461992818
ICFMQL	0	0.115057788736204	0.769555476473459	0.0712018629483255	0.0441848718420121
IM2TB5	0.149808860669752	0.0769280196397113	0.650564843545078	0.06714675829536	0.0555515178500989
IMPBRK	0.399986017524488	0.0311618028077252	0.553445097301723	0	0.0154070823660637
IQM8M8	0.125147950218758	0.105142528920745	0.767601693900544	0.00210782695995302	0
IWRH08	0.157126420350735	0.0503427715733564	0.77165473372303	0	0.0208760743528785
J06M0X	0.0426287483108797	0.151595784988231	0.725127910805276	0.0683969446994281	0.0122506111961851
J3EQP7	0.347766864285962	0.0422785667698814	0.582531171764198	0	0.0274233971799589
J3Z8K7	0.040683600127022	0.0669941705557573	0.765112725949478	0.0832047530517146	0.0440047503160285
JCZR3B	0	0.0869379533450653	0.806897893174372	0.084295584333838	0.0218685691467245
JGTA19	0	0.13304300093129	0.749455804802106	0.0655638698407552	0.0519373244258489
JN8VFV	0.119656503993869	0.0211483139526486	0.845046310852139	0.0141488712013439	0
JOAOG1	0.0762644120163386	0.0949055226304056	0.82455356738572	0	0.00427649796753619
JOZUYQ	0.0284214015849987	0.190909857681265	0.664921250442486	0.044756403833627	0.0709910864576235
JP9ZTJ	0.0359514161019045	0.000148942293558461	0.861921485271601	0.101498261682442	0.00047989465049325
JVP549	0.00811578744133221	0.157205987890985	0.718225793043689	0.0582041581396674	0.0582482734843272
JWX1J8	0	0.0623424165473994	0.843475988384454	0.0941815950681469	0
JZD4K9	0	0.000727667057581	0.817717906522902	0.090464436647284	0.0910899897722325
KCB6D5	0.0129367103778993	0.000853955052144061	0.883343579219105	0.102865755350851	0
KEARL7	0.00492969763149261	0.00657283855136371	0.97852096980216	0.00997649401498351	0
KG2QBG	0.110803001832758	0.021457540147385	0.843463429043642	0.0205261625036502	0.00374986647256569
KRVWH8	0.0825470921595671	0.179171343952941	0.606136716083112	0.0366263882029942	0.0955184596013852
KWBK4Q	0.239327657579568	0.0854321749406117	0.631384707243076	0	0.0438554602367449
KWVCGB	0	0.0743646501689965	0.836380682666293	0.0892546671647108	0
KY38JO	0.420532487387019	0.0239243706529174	0.520806854385558	0	0.034736287574505
L7YNDZ	0.109767688326161	0.0492463316722477	0.71157850740838	0.0781467689193871	0.0512607036738238
LC8XJK	0.0182012445775306	0	0.561743437248392	0.0272266110698559	0.392828707104221
LFJZCR	0.0469769874013148	0	0.869837237311392	0.0831857752872933	0
LOXN5C	0.0494597636677242	0.000652687611387797	0.859331465540632	0.0905560831802556	0
LSV31I	0.301689895128216	0.0312009212781929	0.520702182819688	0.0512031661862874	0.0952038345876157
LT1OSR	0.0642945530920653	0.132933817127908	0.673001047413212	0.0673625266611446	0.0624080557056701
LXAUUF	0	0.0672557405773512	0.917041910249703	0	0.0157023491729457
M3J0YL	0.0717851158943297	0.0214961952713992	0.902552400059076	0.00416628877519495	0
M8HUZM	0.0485997927907383	0.121838063805937	0.696444225111594	0.0526119983359191	0.0805059199558119
MGCSN6	0.128019790642593	0	0.78630657293577	0.0856736364216377	0
MKAUTX	0.0271276944812985	0.0532053347967769	0.916349138480356	0	0.00331783224156805
MOEPK8	0.286154087013467	0	0.591524347218771	0.0673785506652193	0.054943015102542
MRKGTX	0.00848057897486856	0.0568868372652197	0.641823119741286	0.0368958722683649	0.255913591750261
NAWX91	0.0417088559382676	0.0279533669437418	0.924138227157979	0.00619954996001194	0
NGFID9	0.219696304786531	0	0.65016794029717	0.0826694781470693	0.0474662767692301
NIXBOP	0.410897650348299	0.0510164386307048	0.511326708849942	0	0.0267592021710548
NJVN6T	0.0404877661358552	0.00203323322840634	0.948415290025953	0.00906371060978519	0
NLKCE1	0.0367451687378646	0	0.866961188819858	0.0962936424422773	0
NMIAFE	0	0.0311062180316186	0.874838132823835	0.0940556491445462	0
NT5TF6	0.296580025106779	0.0210074706719056	0.665204290324741	0.0172082138965741	0
NUBZ28	0.222406878187889	0.0363156274040646	0.730880924594213	0	0.0103965698138336
O3GQ7V	0	0.0827987356684588	0.82800703783512	0.0891942264964211	0
O8G8VB	0	0.106867174091935	0.777040778341112	0.0763856955678623	0.0397063519990906
OCRNVG	0.414264770154456	0.0124332991553102	0.501346680704285	0	0.0719552499859485
OE1DAF	0.176173862341036	0.0112817814993106	0.787741833030677	0.0248025231289773	0
OFLSKR	0.0862584460422033	0.00295044381718199	0.821633455434793	0.0891576547058216	0
OGAO9B	0.0389211984545552	0	0.87016425288304	0.090914548662405	0
OI76XA	0	0.0101298265823957	0.898826700715468	0.0910434727021367	0
OMAA4O	0.122310463293102	0.0183557320697925	0.724914164978542	0.084983832438471	0.0494358072200925
OVHVKC	0.107564862256049	0.0363644263064382	0.854544984041489	0.00152572739602426	0
OW5CVQ	0	0.0844551787299738	0.700421526996535	0.0557179501450752	0.159405344128416
P0GY2V	0.0807854348508793	0.01346742138202	0.87959784170361	0.00208312181388075	0.0240661802496095
P2B6AX	0.372719232778709	0.0323870265105087	0.478382344476546	0.0472851936851534	0.0692262025490835
P6QYCK	0.129599528658058	0.0729799655519251	0.785281491035255	0.012139014754762	0
P8E3Y0	0.118198183957123	0.0476486363030584	0.833140838882888	0	0.00101234085693099
P9W3NR	0.267396374899765	0.00946870150995633	0.700576988251152	0.00166898812644138	0.0208889472126858
PCIW0J	0	0.0660099091202458	0.826016417685854	0.0983560478687182	0.00961762532518231
PTI4QX	0.452797817715432	0	0.439364527006003	0.0521856325050785	0.0556520227734865
PTM6UL	0.206833467917343	0.00437421547223848	0.667159095949485	0.0795457594168898	0.0420874612440435
Q49YJ2	0.0356146521176785	0.0536710144503978	0.905938541488172	0.00477579194375168	0
QBKVM2	0	0.0207050190752886	0.891714414007916	0.0875805669167951	0
QC5S5K	0.462057615962026	0.000367031821230952	0.383666858995359	0.038904970053479	0.115003523167905
QNHR0L	0.377927432927988	0.0454933893940278	0.552046329933492	0	0.0245328477444921
QZH1C0	0	0.0199745419201656	0.872194649804488	0.107830808275347	0
R5OS70	0.238320505107584	0.0178209939638362	0.719916985355221	0	0.0239415155733592
R9U6TF	0.0861114045081991	0.00883284532585566	0.397785197595008	0	0.507270552570937
RGJDZI	0.0855784581535322	0	0.816296395020017	0.0981251468264507	0
RM600Q	0.025554151460468	0.021152375303152	0.929211883611121	0.0240815896252587	0
RNWB8P	0.0618979097973917	0.0158120408843626	0.922049637251609	0.000240412066636576	0
RR2OQ9	0	0.000922581614442719	0.902119068201856	0.0969583501837017	0
RTSV89	0.0808031177960598	0.121119019957315	0.668128675288225	0.0594216860521258	0.0705275009062744
RUA36W	0	0.0901310398918167	0.80794250551828	0.0778272544530306	0.0240992001368725
RY4CCH	0.373632510677952	0.00321832995037283	0.609357593602304	0	0.013791565769371
RZ1VOE	0.203025616215047	0.0285484655069557	0.643680395649379	0.0746381383795633	0.0501073842490552
S0KO94	0.241496212954768	0.0409754783129528	0.699037912023776	0	0.0184903967085035
S9AEOB	0.262850456644774	0.00712246910283749	0.715322405392097	0.0147046688602911	0
SDQFKX	0	0.0463299247231757	0.860422221607475	0.0932478536693496	0
SQKKTN	0.432014127721232	0.022809619592139	0.424354883392724	0.0479159043039714	0.0729054649899334
SWXUIP	0.349223983071722	0.0906848954033019	0.429613151380877	0.0383944918237629	0.0920834783203359
T37H7L	0.00810185633477857	0.119421786638383	0.740373286899785	0.079049903225397	0.0530531669016567
TIHHZC	0.0478083705703232	0.00597853832008661	0.495457491911984	0.00326272049584162	0.447492878701765
TO4U87	0.481759793297424	0	0.422133655125244	0.0589698697794023	0.0371366817979301
TPY21K	0.0267972486228499	0.021829755471141	0.54393079967703	0.0213642996301137	0.386077896598865
TXRZ5H	0.291394372536531	0.0086177311786862	0.664067195762214	0	0.0359207005225684
TZV054	0.0942229511167449	0.0156786208742759	0.871935529520829	0.0181628984881507	0
U0AMQO	0.0972290689813821	0.077682760986634	0.692609734975304	0.0639677889675285	0.0685106460891511
U366V3	0.0611930978939678	0.025970150267319	0.896082672442773	0.0167540793959401	0
U93942	0.448362540933356	0.00611433587870114	0.428349178385553	0.0531332877662195	0.0640406570361706
UGBXA1	0.245161274069803	0.0310159320522494	0.684992648408941	0	0.0388301454690071
UJ9QUA	0.34977187446885	0.0219406365694577	0.589416877602474	0	0.0388706113592184
UPCF2L	0.445576876949811	0.00768494560015119	0.537167514003178	0	0.0095706634468608
UQ04HI	0	0.0419842856689333	0.865670285657764	0.0923454286733026	0
US1TBW	0.174013866564042	0.0761018705109599	0.603590346271916	0.0590874837428318	0.0872064329102508
V4XKCP	0	0.0549091232189889	0.853821465436335	0.0912694113446763	0
V7VS35	0.178094808474387	0.0328807092920748	0.769821060846359	0.01920342138718	0
V8IVMP	0.0585974472975687	0.00210376998471146	0.849023213321611	0.090275569396109	0
VARI5R	0	0.0386826207994728	0.866685125092676	0.0946322541078513	0
VLR2MH	0.0593422796450472	0.064491336008011	0.86120464002518	0	0.0149617443217617
VLW21T	0.10180626550858	0.0285358667191085	0.855329274265116	0.00143120002891576	0.0128973934782802
WEOX0R	0.0940569886491231	0.0714983899249866	0.705392126167899	0.0719872818911845	0.0570652133668072
WUKRAF	0.0151386851596239	0.0447270584856764	0.9401342563547	0	0
WUYZ9T	0.0187361549002787	0.0353006730446855	0.930159661361569	0	0.0158035106934662
XBO7JU	0.334397520132077	0	0.511316629236917	0.0544790548917644	0.0998067957392411
Y8228L	0.120375035818675	0.100340711076008	0.655063236813991	0.0619741655442032	0.0622468507471229
YDO6DA	0	0.0958830094563458	0.812235759759685	0.0882927499688044	0.00358848081516482
YT19ZO	0.334506617603672	0.014851786526472	0.620382488883957	0	0.0302591069858994
ZMW0TA	0.120884100553672	0.0458462046854833	0.806914521058559	0	0.0263551737022861
ZP4V8D	0.384259467559986	0.0518597639190207	0.529005265112508	0	0.0348755034084851
ZPEVLM	0.0235760129621697	0.169814638515949	0.695105191798431	0.0608639190073245	0.0506402377161258
ZQLQA9	0.104702072449032	0.0714726617228232	0.813621674186599	0.0102035916415455	0
ZSDB3H	0.0483404453308711	0.00191972217961996	0.847802021372752	0.101937811116757	0
ZX3AEU	0.219487658208354	0.0229208636518605	0.730595402319237	0.00533325064034771	0.0216628251802007
ZX5NA5	0.195259911716766	0.00839305127836312	0.786764724113111	0	0.00958231289176045
ZZ2P77	0.0867053286396897	0.0391300387326393	0.871319143921979	0	0.00284548870569195
